SRR13258790.66347	CP135021.1	279	278	1	278	1.96e-133	490	1470492
SRR13258790.562668	CP135021.1	333	329	1	329	2.29e-158	573	1470492
SRR13258790.513718	CP135021.1	267	267	1	267	2.42e-132	486	1470492
SRR13258790.268128	CP135018.1	301	301	1	301	9.70e-152	551	1470492
SRR13258790.301704	CP135021.1	205	204	1	204	2.40e-96	366	1470492
SRR13258790.768045	XM_022307442.1	345	344	1	344	3.20e-137	503	13164
SRR13258790.662652	OZ344018.1	253	240	1	238	8.59e-52	219	511033
SRR13258790.703725	OZ389821.1	198	257	60	257	2.48e-82	320	994498
SRR13258790.48313	CP135018.1	362	356	1	356	1.14e-171	617	1470492
SRR13258790.212614	CP135018.1	224	224	1	224	4.38e-109	409	1470492
SRR13258790.142245	CP135022.1	285	285	2	285	5.56e-139	508	1470492
SRR13258790.477519	CP135021.1	287	287	1	287	1.21e-140	514	1470492
SRR13258790.479700	OZ390399.1	407	407	1	407	0.0	752	500459
SRR13258790.718820	OZ432358.1	331	331	1	331	1.77e-164	593	527766
SRR13258790.718820	OZ432358.1	322	331	2	315	1.20e-76	302	527766
SRR13258790.185546	CP135018.1	282	282	1	282	3.28e-141	516	1470492
SRR13258790.729715	CP135021.1	260	259	1	259	6.58e-123	455	1470492
SRR13258790.289795	CP135021.1	244	244	1	244	7.94e-122	451	1470492
SRR13258790.143803	OU899036.1	286	285	1	285	2.07e-113	424	80765
SRR13258790.303351	CP135021.1	245	245	1	245	2.22e-122	453	1470492
SRR13258790.708161	CP135021.1	364	363	1	363	9.00e-173	621	1470492
